012345678901234567890123456789012345678901234567890123456789012345678901234567890123456789
9                                                                                        
8                                                                                       
7                                                                                        
6                                                                                      
5                                                                                        
4                                                                                        
3                                                                                        
2                                                                                        
1                                                                                        
0                                                                                        
9                                                                                        
8                                                                                        
7                                                                                        
6+---+ (1,6) -> (6,6)                                                                    
5|   |                                                                                   
4|   | Left (1,1) -> (1,6)                                                               
3|   | Right (5,1) -> (6,6)                                                              
2|   |                                                                                   
1+---+ (1,1) -> (5,1)                                                                   
012345678901234567890123456789012345678901234567890123456789012345678901234567890123456789
